
1,1024,'0\%',0.36,0.043,3,Movie,6.422284,5.874106,0,144,79,10.666667,0,23,0,1278,697.650502,4,2,7,4988.58,'Radeon HD 7610M','1366 x 768',361x203,76.5,LVDS,1333,4096,1
2,1024,'0\%',0.435,0.071,3,Movie,6.422284,5.874106,0,144,79,10.666667,0,23,0,2600.555556,894.924095,8,4,9,6784.45,'Radeon HD 7470','1920 x 1200',508x317,154,DVI-0,1600,4096,1
16,1024,'0\%',0.403,0.033,3,Movie,6.422284,5.874106,0,144,79,10.666667,0,23,0,1544.777778,833.197159,4,2,7,4988.58,'Radeon HD 7610M','1366 x 768',361x203,76.5,LVDS,1333,4096,1
18,1024,'0\%',0.499,0.018,3,Movie,6.422284,5.874106,0,144,79,10.666667,0,23,0,1177.888889,586.723566,4,2,7,4988.76,'Radeon HD 7610M','1366 x 768',361x203,76.5,LVDS,1333,4096,1
19,1024,'0\%',0.472,0.034,3,Movie,6.422284,5.874106,0,144,79,10.666667,0,23,0,1533.555556,820.830759,4,2,7,4988.76,'Radeon HD 7610M','1366 x 768',361x203,76.5,LVDS,1333,4096,1
21,1024,'0\%',0.334,0.028,3,Movie,6.422284,5.874106,0,144,79,10.666667,0,23,0,2800.666667,848.999542,8,4,9,6784.45,'Radeon HD 7470','1920 x 1200',508x317,154,DVI-0,1600,4096,1
22,1024,'0\%',0.348,0.043,3,Movie,6.422284,5.874106,0,144,79,10.666667,0,23,0,2200.333333,848.999542,8,4,9,6784.45,'Radeon HD 7470','1920 x 1200',508x317,154,DVI-0,1600,4096,1
63,1536,'0\%',0.289,0.037,3,Movie,6.422284,5.874106,0,144,79,11.4,0,24.866667,0,600,0,2,1,1,3192.11,'VGA compatible controller','1024 x 600',270x158,58.8,LVDS,533,1024,1
65,1536,'0\%',0.439,0.036,3,Movie,6.422284,5.874106,0,144,79,10.666667,0,22.933333,0,1077.888889,561.585146,4,2,7,4988.5,'Radeon HD 7610M','1366 x 768',361x203,76.5,LVDS,1333,4096,1
68,1536,'0\%',0.486,0.078,3,Movie,6.422284,5.874106,0,144,79,10.666667,0,23,0,2000.222222,748.747217,8,4,9,6784.85,'Radeon HD 7470','1920 x 1200',508x317,154,DVI-0,1600,4096,1
62,1536,'0\%',0.354,0.065,1,Movie,5.412067,5.33355,0,144,84,10.666667,0,23.066667,0,2200.333333,848.999542,8,4,9,6784.7,'Radeon HD 7470','1920 x 1200',508x317,154,DVI-0,1600,4096,1
57,1024,'0\%',0.48,0.065,2,Cartoon,9.197309,5.874106,2,240,85,1.466667,1,2.533333,2,2600.555556,894.924095,8,4,9,6784.85,'Radeon HD 7470','1920 x 1200',508x317,154,DVI-0,1600,4096,1
74,1536,'0\%',0.395,0.07,2,Cartoon,9.197309,5.874106,2,144,86,11.4,0,24.933333,0,600,0,2,1,1,3192.14,'VGA compatible controller','1024 x 600',270x158,58.8,LVDS,533,1024,1
64,1536,'0\%',0.432,0.046,3,Movie,6.422284,5.874106,0,144,93,10.8,0,23.4,0,600,0,2,1,1,3192.14,'VGA compatible controller','1024 x 600',270x158,58.8,LVDS,533,1024,1
69,1536,'0\%',0.483,0.064,3,Movie,6.422284,5.874106,0,144,104,10.666667,0,23.066667,0,2800.666667,848.999542,8,4,9,6784.45,'Radeon HD 7470','1920 x 1200',508x317,154,DVI-0,1600,4096,2
166,2048,'0\%',0.45,0.033,1,Movie,5.412067,5.33355,0,240,263,34,0,43.4,0,511,125.865007,2,1,1,3192.14,'VGA compatible controller','1024 x 600',270x158,58.8,LVDS,533,1024,2
103,1536,'0\%',0.487,0.036,1,Movie,5.412067,5.33355,0,240,315,29.933333,0,38.333333,0,1478.111111,784.693209,4,2,7,4988.76,'Radeon HD 7610M','1366 x 768',361x203,76.5,LVDS,1333,4096,2
114,2048,'0\%',0.31,0.048,1,Movie,5.412067,5.33355,0,240,331,32.5,0,41.5,0,540.666667,111.002503,2,1,1,3191.65,'VGA compatible controller','1024 x 600',270x158,58.8,LVDS,533,1024,2
110,2048,'0\%',0.304,0.043,3,Movie,6.422284,5.874106,0,240,372,32,0,40.866667,0,1367,801.85909,4,2,7,4988.78,'Radeon HD 7610M','1366 x 768',361x203,76.5,LVDS,1333,4096,2
48,1024,'0\%',0.41,0.053,1,Movie,5.412067,5.33355,0,240,377,32,0,40.866667,0,1367,801.85909,4,2,7,4988.5,'Radeon HD 7610M','1366 x 768',361x203,76.5,LVDS,1333,4096,3
157,2048,'0\%',0.332,0.032,1,Movie,5.412067,5.33355,0,240,377,31.933333,0,40.866667,2,2600.555556,894.924095,8,4,9,6784.45,'Radeon HD 7470','1920 x 1200',508x317,154,DVI-0,1600,4096,3
159,2048,'0\%',0.487,0.042,1,Movie,5.412067,5.33355,0,240,377,31.933333,0,40.866667,2,1800.111111,565.999695,8,4,9,6784.52,'Radeon HD 7470','1920 x 1200',508x317,154,DVI-0,1600,4096,3
115,2048,'0\%',0.324,0.041,1,Movie,5.412067,5.33355,0,240,388,32.666667,0,41.583333,0,451.666667,132.673367,2,1,1,3191.65,'VGA compatible controller','1024 x 600',270x158,58.8,LVDS,533,1024,2
125,2048,'0\%',0.403,0.06,3,Movie,6.422284,5.874106,0,240,388,32,0,40.866667,0,2312,534.572727,4,2,7,4988.76,'Radeon HD 7610M','1366 x 768',361x203,76.5,LVDS,1333,4096,3
156,2048,'0\%',0.487,0.062,1,Movie,5.412067,5.33355,0,240,389,31.933333,0,40.866667,2,3000.777778,748.747217,8,4,9,6783.92,'Radeon HD 7470','1920 x 1200',508x317,154,DVI-0,1600,4096,3
119,2048,'0\%',0.48,0.048,1,Movie,5.412067,5.33355,0,240,396,31.933333,0,40.866667,2,2000.222222,748.747217,8,4,9,6784.45,'Radeon HD 7470','1920 x 1200',508x317,154,DVI-0,1600,4096,2
153,2048,'0\%',0.407,0.061,1,Movie,5.412067,5.33355,0,240,396,32,0,40.866667,0,1633.666667,769.213307,4,2,7,4988.5,'Radeon HD 7610M','1366 x 768',361x203,76.5,LVDS,1333,4096,3
158,2048,'0\%',0.334,0.028,1,Movie,5.412067,5.33355,0,240,396,31.933333,0,40.866667,2,2800.666667,848.999542,8,4,9,6784.45,'Radeon HD 7470','1920 x 1200',508x317,154,DVI-0,1600,4096,3
149,2048,'0\%',0.435,0.093,1,Movie,5.412067,5.33355,0,240,476,32.4,0,42.933333,5,600,0,2,1,1,3192.14,'VGA compatible controller','1024 x 600',270x158,58.8,LVDS,533,1024,3
144,2048,'0\%',0.386,0.052,2,Cartoon,9.197309,5.874106,2,240,529,32,0,40.866667,2,1600,0,8,4,9,6784.7,'Radeon HD 7470','1920 x 1200',508x317,154,DVI-0,1600,4096,3
218,3072,'0\%',0.454,0.051,1,Movie,5.412067,5.33355,0,360,564,31.666667,0,55.466667,2,1800.111111,565.999695,8,4,9,6784.85,'Radeon HD 7470','1920 x 1200',508x317,154,DVI-0,1600,4096,4
164,2048,'0\%',0.335,0.036,2,Cartoon,9.197309,5.874106,2,240,571,32,0,40.866667,0,540.666667,111.002503,2,1,1,3192.11,'VGA compatible controller','1024 x 600',270x158,58.8,LVDS,533,1024,3
107,1024,'0\%',0.393,0.026,1,Movie,5.412067,5.33355,0,360,607,31.8,0,57.466667,0,1178,707.173246,4,2,7,4988.61,'Radeon HD 7610M','1366 x 768',361x203,76.5,LVDS,1333,4096,4
136,2048,'0\%',0.444,0.084,2,Cartoon,9.197309,5.874106,2,240,619,32.5,0,41.5,2,1666.888889,1024.528883,8,3,9,6784.67,'Radeon HD 7470','1920 x 1200',508x317,154,DVI-0,1600,4096,3
219,3072,'0\%',0.324,0.032,1,Movie,5.412067,5.33355,0,360,626,34.133333,0,61.466667,2,1800.111111,565.999695,8,4,9,6784.45,'Radeon HD 7470','1920 x 1200',508x317,154,DVI-0,1600,4096,4
44,1024,'0\%',0.426,0.049,2,Cartoon,9.197309,5.874106,2,240,671,32,0,40.866667,0,989,534.572727,4,2,7,4988.5,'Radeon HD 7610M','1366 x 768',361x203,76.5,LVDS,1333,4096,3
177,2560,'0\%',0.302,0.054,2,Cartoon,9.197309,5.874106,2,240,689,14.583333,0.75,40.083333,0,570.333333,83.910005,2,1,1,3191.65,'VGA compatible controller','1024 x 600',270x158,58.8,LVDS,533,1024,3
179,2560,'0\%',0.415,0.054,2,Cartoon,9.197309,5.874106,2,360,711,25.266667,1.2,44.8,6,2400.777778,221.460194,4,2,7,4988.76,'Radeon HD 7610M','1366 x 768',361x203,76.5,LVDS,1333,4096,4
130,2048,'0\%',0.489,0.072,3,Movie,6.422284,5.874106,0,240,732,22.466667,0.4,43.733333,3.4,2200.333333,848.999542,8,4,9,6784.63,'Radeon HD 7470','1920 x 1200',508x317,154,DVI-0,1600,4096,3
210,3072,'0\%',0.273,0.023,1,Movie,5.412067,5.33355,0,240,736,33.066667,0,56.533333,0,511,178,2,1,1,3192.11,'VGA compatible controller','1024 x 600',270x158,58.8,LVDS,533,1024,3
170,2048,'0\%',0.304,0.043,1,Movie,5.412067,5.33355,0,360,752,30.6,0,52.333333,0,1544.777778,833.197159,4,2,7,4988.78,'Radeon HD 7610M','1366 x 768',361x203,76.5,LVDS,1333,4096,4
249,3584,'0\%',0.49,0.054,1,Movie,5.412067,5.33355,0,480,754,31.666667,0,55.866667,2,2000.222222,748.747217,8,4,9,6783.92,'Radeon HD 7470','1920 x 1200',508x317,154,DVI-0,1600,4096,4
99,1024,'0\%',0.286,0.048,2,Cartoon,9.197309,5.874106,2,240,770,26.266667,0,43.066667,0,600,0,2,1,1,3191.93,'VGA compatible controller','1024 x 600',270x158,58.8,LVDS,533,1024,3
262,3584,'0\%',0.439,0.036,2,Cartoon,9.197309,5.874106,2,480,785,32,0,54.933333,0,1367,801.85909,4,2,7,4988.5,'Radeon HD 7610M','1366 x 768',361x203,76.5,LVDS,1333,4096,5
178,2560,'0\%',0.395,0.07,3,Movie,6.422284,5.874106,0,480,795,36.8,11,84.333333,9,570.333333,83.910005,2,1,1,3192.14,'VGA compatible controller','1024 x 600',270x158,58.8,LVDS,533,1024,4
265,3584,'0\%',0.358,0.045,1,Movie,5.412067,5.33355,0,480,808,31.866667,0,56.933333,0,481.333333,132.673367,2,1,1,3192.11,'VGA compatible controller','1024 x 600',270x158,58.8,LVDS,533,1024,5
229,3072,'0\%',0.424,0.05,2,Cartoon,9.197309,5.874106,2,360,845,31.083333,0,53.833333,0,1934,801.85909,4,2,7,4988.51,'Radeon HD 7610M','1366 x 768',361x203,76.5,LVDS,1333,4096,5
241,3584,'0\%',0.307,0.049,3,Movie,6.422284,5.874106,0,480,859,32.133333,0,64.933333,0,2123,707.173246,4,2,7,4988.78,'Radeon HD 7610M','1366 x 768',361x203,76.5,LVDS,1333,4096,4
208,3072,'0\%',0.447,0.056,2,Cartoon,9.197309,5.874106,2,480,924,31.733333,0,53.466667,3,1600,0,8,4,9,6784.45,'Radeon HD 7470','1920 x 1200',508x317,154,DVI-0,1600,4096,4
233,3072,'0\%',0.334,0.065,2,Cartoon,9.197309,5.874106,2,360,968,31.733333,0,54,3,3000.777778,748.747217,8,4,9,6784.7,'Radeon HD 7470','1920 x 1200',508x317,154,DVI-0,1600,4096,5
246,3584,'0\%',0.285,0.054,2,Cartoon,9.197309,5.874106,2,480,968,31.666667,0,54,3,3000.777778,748.747217,8,4,9,6784.7,'Radeon HD 7470','1920 x 1200',508x317,154,DVI-0,1600,4096,4
293,4096,'0\%',0.328,0.039,3,Movie,6.422284,5.874106,0,720,1660,32,0,46.266667,0,1756,744.47446,4,2,7,4988.78,'Radeon HD 7610M','1366 x 768',361x203,76.5,LVDS,1333,4096,5
289,4608,'0\%',0.444,0.049,1,Movie,5.412067,5.33355,0,1080,1799,30,0,43.733333,0,2211.888889,572.803523,4,2,7,4988.76,'Radeon HD 7610M','1366 x 768',361x203,76.5,LVDS,1333,4096,5
258,3584,'0\%',0.379,0.073,3,Movie,6.422284,5.874106,0,720,2209,32,0,46.333333,1,1800.111111,565.999695,8,4,9,6784.7,'Radeon HD 7470','1920 x 1200',508x317,154,DVI-0,1600,4096,5
281,4096,'0\%',0.455,0.033,2,Cartoon,9.197309,5.874106,2,1080,3498,32,0,47.133333,1,1600,0,8,4,9,6784.52,'Radeon HD 7470','1920 x 1200',508x317,154,DVI-0,1600,4096,5
50,1536,'0\%',0.48,0.065,3,Movie,6.422284,5.874106,0,144,101.2,10.666667,0,23.066667,0,2400.444444,894.924095,8,4,9,6784.85,'Radeon HD 7470','1920 x 1200',508x317,154,DVI-0,1600,4096,1
191,3072,'0\%',0.358,0.045,3,Movie,6.422284,5.874106,0,240,1012.6,32.2,0,66.133333,0,600,0,2,1,1,3192.11,'VGA compatible controller','1024 x 600',270x158,58.8,LVDS,533,1024,3
26,1024,'0\%',0.295,0.047,2,Cartoon,9.197309,5.874106,2,144,102.4,11.4,0,24.933333,0,600,0,2,1,1,3191.93,'VGA compatible controller','1024 x 600',270x158,58.8,LVDS,533,1024,2
87,1536,'0\%',0.393,0.054,1,Movie,5.412067,5.33355,0,144,102.4,11.866667,0,25.6,0,600,0,2,1,1,3192.14,'VGA compatible controller','1024 x 600',270x158,58.8,LVDS,533,1024,2
86,1536,'0\%',0.395,0.07,1,Movie,5.412067,5.33355,0,144,103.2,11.933333,0,26.066667,0,600,0,2,1,1,3192.14,'VGA compatible controller','1024 x 600',270x158,58.8,LVDS,533,1024,2
221,3072,'0\%',0.33,0.052,3,Movie,6.422284,5.874106,0,360,1032.6,34.8,0,76.733333,0,511,178,2,1,1,3192,'VGA compatible controller','1024 x 600',270x158,58.8,LVDS,533,1024,5
27,1024,'0\%',0.394,0.045,2,Cartoon,9.197309,5.874106,2,144,104.6,10.666667,0,23.066667,0,1934,801.85909,4,2,7,4988.61,'Radeon HD 7610M','1366 x 768',361x203,76.5,LVDS,1333,4096,2
196,3072,'0\%',0.49,0.054,3,Movie,6.422284,5.874106,0,360,1045.6,31.733333,0,63.266667,3,2600.555556,894.924095,8,4,9,6783.92,'Radeon HD 7470','1920 x 1200',508x317,154,DVI-0,1600,4096,4
198,3072,'0\%',0.465,0.032,3,Movie,6.422284,5.874106,0,360,1045.6,31.733333,0,63.266667,3,2000.222222,748.747217,8,4,9,6784.52,'Radeon HD 7470','1920 x 1200',508x317,154,DVI-0,1600,4096,4
222,3072,'0\%',0.456,0.042,3,Movie,6.422284,5.874106,0,360,1045.6,35.066667,0,73.866667,0,600,0,2,1,1,3192.14,'VGA compatible controller','1024 x 600',270x158,58.8,LVDS,533,1024,5
255,3584,'0\%',0.495,0.043,3,Movie,6.422284,5.874106,0,480,1045.6,31.733333,0,63.266667,3,2000.222222,748.747217,8,4,9,6783.92,'Radeon HD 7470','1920 x 1200',508x317,154,DVI-0,1600,4096,5
56,1536,'0\%',0.502,0.063,2,Cartoon,9.197309,5.874106,2,144,105.4,10.666667,0,23.066667,0,2200.333333,848.999542,8,4,9,6784.63,'Radeon HD 7470','1920 x 1200',508x317,154,DVI-0,1600,4096,1
195,3072,'0\%',0.346,0.096,3,Movie,6.422284,5.874106,0,360,1051.4,32.2,0,66.133333,0,1288.888889,695.132992,4,2,7,4988.78,'Radeon HD 7610M','1366 x 768',361x203,76.5,LVDS,1333,4096,4
81,1536,'0\%',0.341,0.044,2,Cartoon,9.197309,5.874106,2,144,107.2,10.666667,0,23.066667,0,3000.777778,748.747217,8,4,9,6784.7,'Radeon HD 7470','1920 x 1200',508x317,154,DVI-0,1600,4096,2
28,1024,'0\%',0.497,0.045,2,Cartoon,9.197309,5.874106,2,144,107.8,10.666667,0,23.066667,0,1367,801.85909,4,2,7,4988.76,'Radeon HD 7610M','1366 x 768',361x203,76.5,LVDS,1333,4096,2
182,2560,'0\%',0.489,0.082,1,Movie,5.412067,5.33355,0,480,1083.6,31.266667,0,58,2,2600.555556,894.924095,8,4,9,6783.92,'Radeon HD 7470','1920 x 1200',508x317,154,DVI-0,1600,4096,4
239,3584,'0\%',0.411,0.032,3,Movie,6.422284,5.874106,0,480,1102.6,32.133333,0,66.133333,0,989,534.572727,4,2,7,4988.38,'Radeon HD 7610M','1366 x 768',361x203,76.5,LVDS,1333,4096,4
67,1536,'0\%',0.407,0.063,3,Movie,6.422284,5.874106,0,144,113.8,10.666667,0,23.066667,0,2501,0,4,2,7,4988.76,'Radeon HD 7610M','1366 x 768',361x203,76.5,LVDS,1333,4096,2
252,3584,'0\%',0.435,0.071,1,Movie,5.412067,5.33355,0,1080,1130.6,22.133333,0.8,32.933333,3,1800.111111,565.999695,8,4,9,6784.45,'Radeon HD 7470','1920 x 1200',508x317,154,DVI-0,1600,4096,4
32,1024,'0\%',0.292,0.047,1,Movie,5.412067,5.33355,0,144,121.6,11.4,0,25.066667,0,600,0,2,1,1,3191.93,'VGA compatible controller','1024 x 600',270x158,58.8,LVDS,533,1024,2
250,3584,'0\%',0.514,0.068,1,Movie,5.412067,5.33355,0,720,1261.75,25,1,35.166667,2,1800.111111,565.999695,8,4,9,6783.94,'Radeon HD 7470','1920 x 1200',508x317,154,DVI-0,1600,4096,4
251,3584,'0\%',0.502,0.058,1,Movie,5.412067,5.33355,0,720,1312.2,26.6,1,38.2,2,2200.333333,848.999542,8,4,9,6784.63,'Radeon HD 7470','1920 x 1200',508x317,154,DVI-0,1600,4096,4
237,3072,'0\%',0.379,0.058,1,Movie,5.412067,5.33355,0,720,1340.6,24.933333,0,36.666667,2,3000.777778,748.747217,8,4,9,6784.7,'Radeon HD 7470','1920 x 1200',508x317,154,DVI-0,1600,4096,5
200,3072,'0\%',0.379,0.058,3,Movie,6.422284,5.874106,0,720,1437.6,24.933333,2.2,37.866667,1,1800.111111,565.999695,8,4,9,6784.7,'Radeon HD 7470','1920 x 1200',508x317,154,DVI-0,1600,4096,4
270,3584,'0\%',0.322,0.055,1,Movie,5.412067,5.33355,0,720,1590.8,32.133333,0,46.6,1,3067.444444,639.849654,8,4,9,6784.7,'Radeon HD 7470','1920 x 1200',508x317,154,DVI-0,1600,4096,5
283,4096,'0\%',0.346,0.096,1,Movie,5.412067,5.33355,0,720,1657.8,31.866667,0,47.333333,0,1277.888889,644.463678,4,2,7,4988.78,'Radeon HD 7610M','1366 x 768',361x203,76.5,LVDS,1333,4096,5
266,3584,'0\%',0.319,0.05,1,Movie,5.412067,5.33355,0,480,1678.4,31.6,20.6,52.6,0,600,0,2,1,1,3191.93,'VGA compatible controller','1024 x 600',270x158,58.8,LVDS,533,1024,5
292,4096,'0\%',0.39,0.059,3,Movie,6.422284,5.874106,0,720,1683.4,32,0,47.4,0,2089.444444,692.258961,4,2,7,4988.76,'Radeon HD 7610M','1366 x 768',361x203,76.5,LVDS,1333,4096,5
285,4096,'0\%',0.465,0.032,1,Movie,5.412067,5.33355,0,720,1742.2,29.866667,0,43.4,1,2011.333333,743.44887,8,4,9,6784.52,'Radeon HD 7470','1920 x 1200',508x317,154,DVI-0,1600,4096,5
169,2048,'0\%',0.39,0.059,1,Movie,5.412067,5.33355,0,240,1756.6,32.133333,0,46.533333,0,2501,0,4,2,7,4988.76,'Radeon HD 7610M','1366 x 768',361x203,76.5,LVDS,1333,4096,3
282,4096,'0\%',0.376,0.046,1,Movie,5.412067,5.33355,0,720,1776.2,31.933333,0,47.466667,0,2312,534.572727,4,2,7,4988.76,'Radeon HD 7610M','1366 x 768',361x203,76.5,LVDS,1333,4096,5
286,4096,'0\%',0.465,0.071,1,Movie,5.412067,5.33355,0,1080,1799.2,32.066667,0,46.533333,1,2100.222222,748.717537,8,4,9,6783.92,'Radeon HD 7470','1920 x 1200',508x317,154,DVI-0,1600,4096,5
287,4096,'0\%',0.477,0.05,1,Movie,5.412067,5.33355,0,1080,1799.4,32.133333,0,46.533333,1,2600.555556,894.924095,8,4,9,6784.45,'Radeon HD 7470','1920 x 1200',508x317,154,DVI-0,1600,4096,5
300,4096,'0\%',0.344,0.049,1,Movie,5.412067,5.33355,0,720,1819.6,31.866667,0,47.333333,1,2200.333333,848.999542,8,4,9,6784.7,'Radeon HD 7470','1920 x 1200',508x317,154,DVI-0,1600,4096,5
276,4096,'0\%',0.496,0.116,3,Movie,6.422284,5.874106,0,1080,1828.2,29.933333,0,43.6,1,3000.777778,748.747217,8,4,9,6784.63,'Radeon HD 7470','1920 x 1200',508x317,154,DVI-0,1600,4096,5
269,3584,'0\%',0.33,0.027,1,Movie,5.412067,5.33355,0,720,1851.8,32.066667,0,46.733333,1,2400.444444,894.924095,8,4,9,6784.45,'Radeon HD 7470','1920 x 1200',508x317,154,DVI-0,1600,4096,5
225,3072,'0\%',0.487,0.042,3,Movie,6.422284,5.874106,0,720,1856.2,25.6,5.8,38.933333,9.6,2044.666667,735.424745,8,4,9,6784.52,'Radeon HD 7470','1920 x 1200',508x317,154,DVI-0,1600,4096,3
267,3584,'0\%',0.392,0.045,1,Movie,5.412067,5.33355,0,720,1879.5,31.833333,0,45.333333,0,2501,0,4,2,7,4988.51,'Radeon HD 7610M','1366 x 768',361x203,76.5,LVDS,1333,4096,5
284,4096,'0\%',0.455,0.033,1,Movie,5.412067,5.33355,0,720,1987.2,31.933333,0,46.333333,1,2000.222222,748.747217,8,4,9,6784.52,'Radeon HD 7470','1920 x 1200',508x317,154,DVI-0,1600,4096,5
301,4608,'0\%',0.495,0.043,1,Movie,5.412067,5.33355,0,1080,1987.2,31.866667,0,47.4,1,2200.333333,848.999542,8,4,9,6783.92,'Radeon HD 7470','1920 x 1200',508x317,154,DVI-0,1600,4096,5
275,4096,'0\%',0.465,0.071,3,Movie,6.422284,5.874106,0,1080,2017.4,30,0,43.666667,1,2200.333333,848.999542,8,4,9,6783.92,'Radeon HD 7470','1920 x 1200',508x317,154,DVI-0,1600,4096,5
278,4096,'0\%',0.455,0.033,3,Movie,6.422284,5.874106,0,1080,2017.4,32.066667,0,46.466667,1,2200.333333,848.999542,8,4,9,6784.52,'Radeon HD 7470','1920 x 1200',508x317,154,DVI-0,1600,4096,5
254,3584,'0\%',0.333,0.034,3,Movie,6.422284,5.874106,0,720,2020.8,36.066667,0,49.4,0,600,0,2,1,1,3191.93,'VGA compatible controller','1024 x 600',270x158,58.8,LVDS,533,1024,5
272,4096,'0\%',0.292,0.047,3,Movie,6.422284,5.874106,0,1080,2038.2,27.066667,0,55.666667,0,600,0,2,1,1,3191.93,'VGA compatible controller','1024 x 600',270x158,58.8,LVDS,533,1024,5
264,3584,'0\%',0.312,0.049,2,Cartoon,9.197309,5.874106,2,1080,2045.8,30,0,43,1,2200.333333,848.999542,8,4,9,6784.7,'Radeon HD 7470','1920 x 1200',508x317,154,DVI-0,1600,4096,5
291,4096,'0\%',0.444,0.049,3,Movie,6.422284,5.874106,0,720,2089.4,32.2,0,46.733333,0,2123,707.173246,4,2,7,4988.76,'Radeon HD 7610M','1366 x 768',361x203,76.5,LVDS,1333,4096,5
277,4096,'0\%',0.477,0.05,3,Movie,6.422284,5.874106,0,1080,2089.4,32.133333,0,46.733333,1,1600,0,8,4,9,6784.45,'Radeon HD 7470','1920 x 1200',508x317,154,DVI-0,1600,4096,5
294,4608,'0\%',0.435,0.049,3,Movie,6.422284,5.874106,0,1080,2089.4,32.2,0,46.733333,0,1956.111111,733.91408,4,2,7,4988.76,'Radeon HD 7610M','1366 x 768',361x203,76.5,LVDS,1333,4096,5
257,3584,'0\%',0.377,0.056,3,Movie,6.422284,5.874106,0,720,2102.8,32.4,0,47.8,1,1800.111111,565.999695,8,4,9,6784.7,'Radeon HD 7470','1920 x 1200',508x317,154,DVI-0,1600,4096,5
259,3584,'0\%',0.322,0.055,3,Movie,6.422284,5.874106,0,1080,2154.4,32,0,47,1,2800.666667,848.999542,8,4,9,6784.7,'Radeon HD 7470','1920 x 1200',508x317,154,DVI-0,1600,4096,5
279,4096,'0\%',0.334,0.065,3,Movie,6.422284,5.874106,0,1080,2517.4,30.066667,0,43.666667,1,3000.777778,748.747217,8,4,9,6784.7,'Radeon HD 7470','1920 x 1200',508x317,154,DVI-0,1600,4096,5
120,2048,'0\%',0.339,0.035,3,Movie,6.422284,5.874106,0,240,263.2,32,0,40.933333,0,481.333333,182.877615,2,1,1,3191.93,'VGA compatible controller','1024 x 600',270x158,58.8,LVDS,533,1024,3
105,1536,'0\%',0.301,0.037,1,Movie,5.412067,5.33355,0,240,265.6,32,0,40.866667,0,1367,801.85909,4,2,7,4988.78,'Radeon HD 7610M','1366 x 768',361x203,76.5,LVDS,1333,4096,3
117,2048,'0\%',0.438,0.04,1,Movie,5.412067,5.33355,0,240,266.2,32,0,40.866667,0,1934,801.85909,4,2,7,4988.61,'Radeon HD 7610M','1366 x 768',361x203,76.5,LVDS,1333,4096,2
151,2048,'0\%',0.408,0.033,1,Movie,5.412067,5.33355,0,240,283.6,32,0,40.866667,0,1678.111111,794.459347,4,2,7,4988.38,'Radeon HD 7610M','1366 x 768',361x203,76.5,LVDS,1333,4096,3
280,4096,'0\%',0.496,0.116,2,Cartoon,9.197309,5.874106,2,720,2842.2,32.733333,0,48.4,1,2400.444444,894.924095,8,4,9,6784.63,'Radeon HD 7470','1920 x 1200',508x317,154,DVI-0,1600,4096,5
273,4096,'0\%',0.307,0.049,2,Cartoon,9.197309,5.874106,2,720,2885.2,27.933333,0.2,40.866667,0,1389.222222,787.087286,4,2,7,4988.78,'Radeon HD 7610M','1366 x 768',361x203,76.5,LVDS,1333,4096,4
163,2048,'0\%',0.48,0.074,3,Movie,6.422284,5.874106,0,240,292.2,32.066667,0,40.866667,2,1600,0,8,4,9,6784.45,'Radeon HD 7470','1920 x 1200',508x317,154,DVI-0,1600,4096,3
127,2048,'0\%',0.469,0.066,3,Movie,6.422284,5.874106,0,240,308.8,32,0,40.866667,2,2200.333333,848.999542,8,4,9,6783.92,'Radeon HD 7470','1920 x 1200',508x317,154,DVI-0,1600,4096,3
92,1536,'0\%',0.37,0.035,3,Movie,6.422284,5.874106,0,240,311.8,32,0,40.866667,0,451.666667,222.005005,2,1,1,3192.11,'VGA compatible controller','1024 x 600',270x158,58.8,LVDS,533,1024,3
297,4608,'0\%',0.328,0.039,2,Cartoon,9.197309,5.874106,2,1080,3135.8,32.533333,0,47.666667,0,1400.111111,719.737675,4,2,7,4988.78,'Radeon HD 7610M','1366 x 768',361x203,76.5,LVDS,1333,4096,5
93,1536,'0\%',0.303,0.065,3,Movie,6.422284,5.874106,0,240,315.6,34,3,45,0,600,0,2,1,1,3192.14,'VGA compatible controller','1024 x 600',270x158,58.8,LVDS,533,1024,3
261,3584,'0\%',0.33,0.052,2,Cartoon,9.197309,5.874106,2,720,3209.2,36.266667,9,50,0,570.333333,83.910005,2,1,1,3192,'VGA compatible controller','1024 x 600',270x158,58.8,LVDS,533,1024,5
126,2048,'0\%',0.505,0.051,3,Movie,6.422284,5.874106,0,240,323.8,31.933333,0,40.866667,2,2000.222222,748.747217,8,4,9,6783.92,'Radeon HD 7470','1920 x 1200',508x317,154,DVI-0,1600,4096,3
147,2048,'0\%',0.303,0.065,1,Movie,5.412067,5.33355,0,240,328.4,33.933333,1,44.866667,0,570.333333,83.910005,2,1,1,3192.14,'VGA compatible controller','1024 x 600',270x158,58.8,LVDS,533,1024,3
116,2048,'0\%',0.416,0.07,1,Movie,5.412067,5.33355,0,240,333.25,32.583333,0,41.666667,0,1934,801.85909,4,2,7,4988.51,'Radeon HD 7610M','1366 x 768',361x203,76.5,LVDS,1333,4096,2
148,2048,'0\%',0.305,0.061,1,Movie,5.412067,5.33355,0,240,333.4,34.2,0,43.733333,0,600,0,2,1,1,3191.93,'VGA compatible controller','1024 x 600',270x158,58.8,LVDS,533,1024,3
296,4096,'0\%',0.407,0.063,2,Cartoon,9.197309,5.874106,2,720,3403.6,32.066667,0,47.466667,0,2501,0,4,2,7,4988.76,'Radeon HD 7610M','1366 x 768',361x203,76.5,LVDS,1333,4096,5
102,1536,'0\%',0.534,0.053,1,Movie,5.412067,5.33355,0,240,341.25,32.583333,5,41.583333,0,540.666667,111.002503,2,1,1,3191.9,'VGA compatible controller','1024 x 600',270x158,58.8,LVDS,533,1024,3
298,4608,'0\%',0.495,0.043,2,Cartoon,9.197309,5.874106,2,1080,3421.2,30,0,43.666667,1,2400.444444,894.924095,8,4,9,6783.92,'Radeon HD 7470','1920 x 1200',508x317,154,DVI-0,1600,4096,5
299,4608,'0\%',0.344,0.049,2,Cartoon,9.197309,5.874106,2,1080,3437.8,30.133333,0,43.666667,1,2200.333333,848.999542,8,4,9,6784.7,'Radeon HD 7470','1920 x 1200',508x317,154,DVI-0,1600,4096,5
288,4608,'0\%',0.39,0.059,2,Cartoon,9.197309,5.874106,2,1080,3479.4,32.066667,0,46.466667,0,2267.111111,520.882679,4,2,7,4988.76,'Radeon HD 7610M','1366 x 768',361x203,76.5,LVDS,1333,4096,4
47,1024,'0\%',0.328,0.052,1,Movie,5.412067,5.33355,0,240,351.8,32.066667,0,40.933333,0,570.333333,83.910005,2,1,1,3192.14,'VGA compatible controller','1024 x 600',270x158,58.8,LVDS,533,1024,3
274,4096,'0\%',0.465,0.032,2,Cartoon,9.197309,5.874106,2,720,3514.6,32.066667,0,47.066667,1,2400.444444,894.924095,8,4,9,6784.52,'Radeon HD 7470','1920 x 1200',508x317,154,DVI-0,1600,4096,4
295,4096,'0\%',0.435,0.049,2,Cartoon,9.197309,5.874106,2,720,3711.8,32.266667,0,46.333333,0,2123,707.173246,4,2,7,4988.76,'Radeon HD 7610M','1366 x 768',361x203,76.5,LVDS,1333,4096,5
40,1024,'0\%',0.308,0.055,3,Movie,6.422284,5.874106,0,240,375.2,32,2,40.866667,2,2400.444444,894.924095,8,4,9,6784.7,'Radeon HD 7470','1920 x 1200',508x317,154,DVI-0,1600,4096,2
189,2048,'0\%',0.449,0.047,3,Movie,6.422284,5.874106,0,240,375.2,32.066667,0,40.933333,0,600,0,2,1,1,3192.14,'VGA compatible controller','1024 x 600',270x158,58.8,LVDS,533,1024,3
39,1024,'0\%',0.3,0.039,3,Movie,6.422284,5.874106,0,240,375.4,32,0,40.866667,0,1222.444444,694.475679,4,2,7,4988.41,'Radeon HD 7610M','1366 x 768',361x203,76.5,LVDS,1333,4096,3
96,1536,'0\%',0.436,0.046,3,Movie,6.422284,5.874106,0,240,375.4,32,0,40.866667,0,2378.666667,346.010918,4,2,7,4988.76,'Radeon HD 7610M','1366 x 768',361x203,76.5,LVDS,1333,4096,3
123,2048,'0\%',0.497,0.045,3,Movie,6.422284,5.874106,0,240,375.4,30,0,38.333333,0,1745,845.233695,4,2,7,4988.76,'Radeon HD 7610M','1366 x 768',361x203,76.5,LVDS,1333,4096,3
124,2048,'0\%',0.415,0.054,3,Movie,6.422284,5.874106,0,240,375.4,32,0,40.866667,0,2501,0,4,2,7,4988.76,'Radeon HD 7610M','1366 x 768',361x203,76.5,LVDS,1333,4096,3
129,2048,'0\%',0.477,0.057,3,Movie,6.422284,5.874106,0,240,375.4,32,0,40.866667,2,2800.666667,848.999542,8,4,9,6783.92,'Radeon HD 7470','1920 x 1200',508x317,154,DVI-0,1600,4096,3
36,1024,'0\%',0.323,0.037,1,Movie,5.412067,5.33355,0,240,376.2,32,0,40.866667,2,2400.444444,894.924095,8,4,9,6784.45,'Radeon HD 7470','1920 x 1200',508x317,154,DVI-0,1600,4096,2
122,2048,'0\%',0.292,0.037,3,Movie,6.422284,5.874106,0,240,376.6,31.933333,0,40.866667,0,1745,845.233695,4,2,7,4988.41,'Radeon HD 7610M','1366 x 768',361x203,76.5,LVDS,1333,4096,3
238,2048,'0\%',0.481,0.041,3,Movie,6.422284,5.874106,0,240,376.6,31.933333,0,40.866667,2,3367.555556,94.595174,8,4,9,6784.45,'Radeon HD 7470','1920 x 1200',508x317,154,DVI-0,1600,4096,3
23,1024,'0\%',0.482,0.082,3,Movie,6.422284,5.874106,0,240,376.8,32,0,40.866667,2,2000.222222,748.747217,8,4,9,6784.63,'Radeon HD 7470','1920 x 1200',508x317,154,DVI-0,1600,4096,2
38,1024,'0\%',0.305,0.047,3,Movie,6.422284,5.874106,0,240,377.2,32.133333,0,41.066667,0,600,0,2,1,1,3192.11,'VGA compatible controller','1024 x 600',270x158,58.8,LVDS,533,1024,2
95,1536,'0\%',0.371,0.08,3,Movie,6.422284,5.874106,0,240,377.2,37.933333,0,49.866667,35.4,600,0,2,1,1,3192.14,'VGA compatible controller','1024 x 600',270x158,58.8,LVDS,533,1024,3
97,1536,'0\%',0.494,0.067,3,Movie,6.422284,5.874106,0,240,377.4,32.066667,0,40.866667,2,1800.111111,565.999695,8,4,9,6784.63,'Radeon HD 7470','1920 x 1200',508x317,154,DVI-0,1600,4096,3
128,2048,'0\%',0.487,0.062,3,Movie,6.422284,5.874106,0,240,377.4,30.066667,0,38.333333,2,1600,0,8,4,9,6783.92,'Radeon HD 7470','1920 x 1200',508x317,154,DVI-0,1600,4096,3
162,2048,'0\%',0.326,0.061,1,Movie,5.412067,5.33355,0,240,383.8,32,0,40.866667,2,3000.777778,748.747217,8,4,9,6784.7,'Radeon HD 7470','1920 x 1200',508x317,154,DVI-0,1600,4096,3
154,2048,'0\%',0.328,0.039,1,Movie,5.412067,5.33355,0,240,384.8,32,0,40.866667,0,1300.222222,726.085513,4,2,7,4988.78,'Radeon HD 7610M','1366 x 768',361x203,76.5,LVDS,1333,4096,3
161,2048,'0\%',0.379,0.073,1,Movie,5.412067,5.33355,0,240,384.8,31.933333,0,40.866667,2,3401,0,8,4,9,6784.7,'Radeon HD 7470','1920 x 1200',508x317,154,DVI-0,1600,4096,3
155,2048,'0\%',0.307,0.049,1,Movie,5.412067,5.33355,0,240,386.4,31.933333,0,40.866667,0,2322.777778,199.258502,4,2,7,4988.78,'Radeon HD 7610M','1366 x 768',361x203,76.5,LVDS,1333,4096,3
121,2048,'0\%',0.421,0.058,3,Movie,6.422284,5.874106,0,240,387.8,32.066667,0,41,0,2501,0,4,2,7,4988.61,'Radeon HD 7610M','1366 x 768',361x203,76.5,LVDS,1333,4096,3
160,2048,'0\%',0.399,0.07,1,Movie,5.412067,5.33355,0,240,389.2,29.933333,0,38.333333,2,3000.777778,748.747217,8,4,9,6784.7,'Radeon HD 7470','1920 x 1200',508x317,154,DVI-0,1600,4096,3
150,2048,'0\%',0.427,0.046,1,Movie,5.412067,5.33355,0,240,393.25,32.5,0,41.5,0,2501,0,4,2,7,4988.51,'Radeon HD 7610M','1366 x 768',361x203,76.5,LVDS,1333,4096,3
165,2048,'0\%',0.328,0.036,1,Movie,5.412067,5.33355,0,240,393.25,35,0,44.75,0,600,0,2,1,1,3191.9,'VGA compatible controller','1024 x 600',270x158,58.8,LVDS,533,1024,4
104,1536,'0\%',0.436,0.046,1,Movie,5.412067,5.33355,0,240,393.6,32,0,40.866667,0,1745,845.233695,4,2,7,4988.76,'Radeon HD 7610M','1366 x 768',361x203,76.5,LVDS,1333,4096,3
146,2048,'0\%',0.33,0.052,1,Movie,5.412067,5.33355,0,240,393.8,32,1,40.866667,0,570.333333,83.910005,2,1,1,3192,'VGA compatible controller','1024 x 600',270x158,58.8,LVDS,533,1024,3
91,1536,'0\%',0.458,0.078,1,Movie,5.412067,5.33355,0,240,395.8,31.933333,0,40.866667,2,1600,0,8,4,9,6784.45,'Radeon HD 7470','1920 x 1200',508x317,154,DVI-0,1600,4096,2
131,2048,'0\%',0.316,0.052,2,Cartoon,9.197309,5.874106,2,240,399.6,32.066667,0,40.933333,0,600,0,2,1,1,3192.11,'VGA compatible controller','1024 x 600',270x158,58.8,LVDS,533,1024,3
90,1536,'0\%',0.414,0.068,1,Movie,5.412067,5.33355,0,240,405.25,32.5,0,41.583333,2,2200.333333,848.999542,8,4,9,6784.67,'Radeon HD 7470','1920 x 1200',508x317,154,DVI-0,1600,4096,2
152,2048,'0\%',0.304,0.039,1,Movie,5.412067,5.33355,0,240,405.6,32,0,40.933333,0,1367,801.85909,4,2,7,4988.41,'Radeon HD 7610M','1366 x 768',361x203,76.5,LVDS,1333,4096,3
111,2048,'0\%',0.489,0.082,3,Movie,6.422284,5.874106,0,240,426.6,31.933333,0,40.866667,2,1800.111111,565.999695,8,4,9,6783.92,'Radeon HD 7470','1920 x 1200',508x317,154,DVI-0,1600,4096,2
94,1536,'0\%',0.377,0.063,3,Movie,6.422284,5.874106,0,240,429.2,34.666667,0.6,45.8,0,600,0,2,1,1,3192.14,'VGA compatible controller','1024 x 600',270x158,58.8,LVDS,533,1024,3
98,1536,'0\%',0.393,0.054,2,Cartoon,9.197309,5.874106,2,240,441.4,33.933333,0,44.8,0,600,0,2,1,1,3192.14,'VGA compatible controller','1024 x 600',270x158,58.8,LVDS,533,1024,3
142,2048,'0\%',0.48,0.048,2,Cartoon,9.197309,5.874106,2,240,455.6,32,0,40.866667,2,1600,0,8,4,9,6784.45,'Radeon HD 7470','1920 x 1200',508x317,154,DVI-0,1600,4096,3
82,1536,'0\%',0.347,0.036,2,Cartoon,9.197309,5.874106,2,240,460.75,32.5,0,41.5,2,2200.333333,848.999542,8,4,9,6783.94,'Radeon HD 7470','1920 x 1200',508x317,154,DVI-0,1600,4096,2
137,2048,'0\%',0.505,0.051,2,Cartoon,9.197309,5.874106,2,240,487.4,31.933333,0,40.866667,2,2600.555556,894.924095,8,4,9,6783.92,'Radeon HD 7470','1920 x 1200',508x317,154,DVI-0,1600,4096,3
49,1024,'0\%',0.341,0.044,1,Movie,5.412067,5.33355,0,480,490.2,23.266667,0,42.933333,9,2000.222222,748.747217,8,4,9,6784.7,'Radeon HD 7470','1920 x 1200',508x317,154,DVI-0,1600,4096,4
43,1024,'0\%',0.433,0.038,2,Cartoon,9.197309,5.874106,2,240,498.4,31.933333,1,40.866667,0,2501,0,4,2,7,4988.76,'Radeon HD 7610M','1366 x 768',361x203,76.5,LVDS,1333,4096,3
141,2048,'0\%',0.334,0.028,2,Cartoon,9.197309,5.874106,2,240,498.4,30,0,38.333333,2,1800.111111,565.999695,8,4,9,6784.45,'Radeon HD 7470','1920 x 1200',508x317,154,DVI-0,1600,4096,3
108,1536,'0\%',0.48,0.065,1,Movie,5.412067,5.33355,0,720,531.4,9,0,14.266667,1.4,1600,0,8,4,9,6784.85,'Radeon HD 7470','1920 x 1200',508x317,154,DVI-0,1600,4096,4
54,1024,'0\%',0.429,0.037,2,Cartoon,9.197309,5.874106,2,240,534.5,15.25,2.25,35.333333,0.75,1166.777778,686.591222,4,2,7,4988.45,'Radeon HD 7610M','1366 x 768',361x203,76.5,LVDS,1333,4096,1
138,2048,'0\%',0.33,0.027,2,Cartoon,9.197309,5.874106,2,240,537.4,29.933333,0,38.333333,2,1600,0,8,4,9,6784.45,'Radeon HD 7470','1920 x 1200',508x317,154,DVI-0,1600,4096,3
101,1536,'0\%',0.488,0.077,2,Cartoon,9.197309,5.874106,2,240,564.4,32,0,40.866667,2,2200.333333,848.999542,8,4,9,6784.63,'Radeon HD 7470','1920 x 1200',508x317,154,DVI-0,1600,4096,3
133,2048,'0\%',0.412,0.048,2,Cartoon,9.197309,5.874106,2,240,564.4,32,0,40.866667,0,855.555556,157.13484,4,2,7,4988.38,'Radeon HD 7610M','1366 x 768',361x203,76.5,LVDS,1333,4096,3
176,2048,'0\%',0.438,0.044,2,Cartoon,9.197309,5.874106,2,240,566.5,30,0,38.333333,2,1867,1158.984325,8,4,9,6784.67,'Radeon HD 7470','1920 x 1200',508x317,154,DVI-0,1600,4096,2
184,2560,'0\%',0.486,0.078,1,Movie,5.412067,5.33355,0,1080,575.6,10,0,15.4,1.4,2400.444444,894.924095,8,4,9,6784.85,'Radeon HD 7470','1920 x 1200',508x317,154,DVI-0,1600,4096,4
134,2048,'0\%',0.408,0.033,2,Cartoon,9.197309,5.874106,2,240,585.6,32,0,40.866667,0,1311.333333,679.349853,4,2,7,4988.38,'Radeon HD 7610M','1366 x 768',361x203,76.5,LVDS,1333,4096,3
143,2048,'0\%',0.477,0.05,2,Cartoon,9.197309,5.874106,2,240,585.6,32,0,40.866667,2,2200.333333,848.999542,8,4,9,6784.45,'Radeon HD 7470','1920 x 1200',508x317,154,DVI-0,1600,4096,3
132,2048,'0\%',0.313,0.072,2,Cartoon,9.197309,5.874106,2,240,593.8,37.133333,0,49,16,600,0,2,1,1,3192.11,'VGA compatible controller','1024 x 600',270x158,58.8,LVDS,533,1024,3
42,1024,'0\%',0.3,0.039,2,Cartoon,9.197309,5.874106,2,240,601.6,32,0,40.866667,0,1511.333333,798.112078,4,2,7,4988.41,'Radeon HD 7610M','1366 x 768',361x203,76.5,LVDS,1333,4096,3
45,1024,'0\%',0.531,0.076,2,Cartoon,9.197309,5.874106,2,240,601.6,32,0,40.866667,2,2600.555556,894.924095,8,4,9,6784.85,'Radeon HD 7470','1920 x 1200',508x317,154,DVI-0,1600,4096,3
100,1536,'0\%',0.436,0.046,2,Cartoon,9.197309,5.874106,2,240,601.6,31.933333,0,40.866667,0,2123,707.173246,4,2,7,4988.76,'Radeon HD 7610M','1366 x 768',361x203,76.5,LVDS,1333,4096,3
139,2048,'0\%',0.341,0.033,2,Cartoon,9.197309,5.874106,2,240,601.6,32,0,40.866667,2,2800.666667,848.999542,8,4,9,6784.45,'Radeon HD 7470','1920 x 1200',508x317,154,DVI-0,1600,4096,3
236,3072,'0\%',0.496,0.116,1,Movie,5.412067,5.33355,0,360,604.4,31.666667,0,56.733333,2,2000.222222,748.747217,8,4,9,6784.63,'Radeon HD 7470','1920 x 1200',508x317,154,DVI-0,1600,4096,5
145,2048,'0\%',0.377,0.056,2,Cartoon,9.197309,5.874106,2,240,606.8,31.933333,0,40.866667,2,3000.777778,748.747217,8,4,9,6784.7,'Radeon HD 7470','1920 x 1200',508x317,154,DVI-0,1600,4096,3
41,1024,'0\%',0.305,0.047,2,Cartoon,9.197309,5.874106,2,240,607.6,34.066667,0,43.533333,0,600,0,2,1,1,3192.11,'VGA compatible controller','1024 x 600',270x158,58.8,LVDS,533,1024,3
180,1536,'0\%',0.418,0.039,2,Cartoon,9.197309,5.874106,2,720,611.8,27.333333,0.6,44.133333,6.6,1934,801.85909,4,2,7,4988.38,'Radeon HD 7610M','1366 x 768',361x203,76.5,LVDS,1333,4096,4
171,2048,'0\%',0.3,0.033,1,Movie,5.412067,5.33355,0,480,631.2,31.8,0,56.8,0,2467.444444,67.055717,4,2,7,4988.78,'Radeon HD 7610M','1366 x 768',361x203,76.5,LVDS,1333,4096,4
135,2048,'0\%',0.39,0.051,2,Cartoon,9.197309,5.874106,2,240,635.8,30,0,38.266667,0,1033.444444,533.638894,4,2,7,4988.5,'Radeon HD 7610M','1366 x 768',361x203,76.5,LVDS,1333,4096,3
140,2048,'0\%',0.332,0.032,2,Cartoon,9.197309,5.874106,2,240,635.8,32,0,40.866667,2,1800.111111,565.999695,8,4,9,6784.45,'Radeon HD 7470','1920 x 1200',508x317,154,DVI-0,1600,4096,3
46,1024,'0\%',0.308,0.055,2,Cartoon,9.197309,5.874106,2,240,647.8,32.066667,0,40.866667,2,2400.444444,894.924095,8,4,9,6784.7,'Radeon HD 7470','1920 x 1200',508x317,154,DVI-0,1600,4096,3
175,2560,'0\%',0.48,0.073,3,Movie,6.422284,5.874106,0,1080,660.4,32,0,43.4,1,2123,743.448777,8,4,9,6784.63,'Radeon HD 7470','1920 x 1200',508x317,154,DVI-0,1600,4096,4
268,3584,'0\%',0.334,0.065,1,Movie,5.412067,5.33355,0,480,670.6,31.666667,0,56.733333,2,2400.444444,894.924095,8,4,9,6784.7,'Radeon HD 7470','1920 x 1200',508x317,154,DVI-0,1600,4096,5
211,3072,'0\%',0.284,0.032,1,Movie,5.412067,5.33355,0,480,677.25,34,1,62.25,0,600,0,2,1,1,3191.65,'VGA compatible controller','1024 x 600',270x158,58.8,LVDS,533,1024,4
183,2560,'0\%',0.386,0.052,1,Movie,5.412067,5.33355,0,480,699.6,31.666667,0,54.333333,2,2600.555556,894.924095,8,4,9,6784.7,'Radeon HD 7470','1920 x 1200',508x317,154,DVI-0,1600,4096,4
118,2048,'0\%',0.403,0.06,1,Movie,5.412067,5.33355,0,480,704.4,29.666667,1,58.333333,1,2501,0,4,2,7,4988.76,'Radeon HD 7610M','1366 x 768',361x203,76.5,LVDS,1333,4096,4
106,1024,'0\%',0.377,0.063,1,Movie,5.412067,5.33355,0,480,705.2,28.8,2,59.533333,6,570.333333,83.910005,2,1,1,3192.14,'VGA compatible controller','1024 x 600',270x158,58.8,LVDS,533,1024,3
172,2048,'0\%',0.439,0.072,1,Movie,5.412067,5.33355,0,360,707.75,27.25,2,54.333333,20.5,2022.888889,1301.2853,8,4,9,6784.67,'Radeon HD 7470','1920 x 1200',508x317,154,DVI-0,1600,4096,4
234,3072,'0\%',0.274,0.039,1,Movie,5.412067,5.33355,0,360,708.8,34.333333,0,60.533333,0,600,0,2,1,1,3191.93,'VGA compatible controller','1024 x 600',270x158,58.8,LVDS,533,1024,5
199,3072,'0\%',0.454,0.051,3,Movie,6.422284,5.874106,0,480,715.6,25.333333,0.6,46.866667,10.4,1800.111111,565.999695,8,4,9,6784.85,'Radeon HD 7470','1920 x 1200',508x317,154,DVI-0,1600,4096,4
173,2048,'0\%',0.302,0.046,1,Movie,5.412067,5.33355,0,480,720.4,26.4,1.8,54.2,0,600,0,2,1,1,3191.93,'VGA compatible controller','1024 x 600',270x158,58.8,LVDS,533,1024,5
215,3072,'0\%',0.435,0.049,1,Movie,5.412067,5.33355,0,360,721.2,31.866667,0,56.933333,0,2123,707.173246,4,2,7,4988.76,'Radeon HD 7610M','1366 x 768',361x203,76.5,LVDS,1333,4096,4
290,3584,'0\%',0.348,0.043,1,Movie,5.412067,5.33355,0,480,724.2,31.666667,0,56.733333,2,1800.111111,565.999695,8,4,9,6784.45,'Radeon HD 7470','1920 x 1200',508x317,154,DVI-0,1600,4096,4
168,2048,'0\%',0.349,0.068,1,Movie,5.412067,5.33355,0,480,725.6,28.933333,1,60,0,570.333333,83.910005,2,1,1,3192.11,'VGA compatible controller','1024 x 600',270x158,58.8,LVDS,533,1024,4
217,3072,'0\%',0.499,0.018,1,Movie,5.412067,5.33355,0,480,733.8,31.6,0,54.2,0,800,0,4,2,7,4988.76,'Radeon HD 7610M','1366 x 768',361x203,76.5,LVDS,1333,4096,4
112,1024,'0\%',0.403,0.06,2,Cartoon,9.197309,5.874106,2,360,771.2,25.133333,3,44.866667,3,2456.444444,126.022142,4,2,7,4988.76,'Radeon HD 7610M','1366 x 768',361x203,76.5,LVDS,1333,4096,2
213,3072,'0\%',0.318,0.027,1,Movie,5.412067,5.33355,0,360,772.2,31.866667,0,56.933333,0,1333.444444,609.40173,4,2,7,4988.41,'Radeon HD 7610M','1366 x 768',361x203,76.5,LVDS,1333,4096,4
214,3072,'0\%',0.318,0.027,1,Movie,5.412067,5.33355,0,360,772.2,31.866667,0,56.933333,0,1333.444444,609.40173,4,2,7,4988.41,'Radeon HD 7610M','1366 x 768',361x203,76.5,LVDS,1333,4096,4
260,3584,'0\%',0.333,0.034,2,Cartoon,9.197309,5.874106,2,480,777.8,31.933333,0,54.533333,0,422,218.004587,2,1,1,3191.93,'VGA compatible controller','1024 x 600',270x158,58.8,LVDS,533,1024,5
17,1024,'0\%',0.407,0.061,3,Movie,6.422284,5.874106,0,144,78.4,10.666667,0,23.066667,0,1533.666667,822.313944,4,2,7,4988.5,'Radeon HD 7610M','1366 x 768',361x203,76.5,LVDS,1333,4096,2
20,1024,'0\%',0.487,0.036,3,Movie,6.422284,5.874106,0,144,78.4,10.666667,0,23.066667,0,1745,845.233695,4,2,7,4988.76,'Radeon HD 7610M','1366 x 768',361x203,76.5,LVDS,1333,4096,2
66,1536,'0\%',0.527,0.056,3,Movie,6.422284,5.874106,0,144,78.4,10.666667,0,23.066667,0,1266.777778,634.426036,4,2,7,4988.76,'Radeon HD 7610M','1366 x 768',361x203,76.5,LVDS,1333,4096,2
89,1536,'0\%',0.285,0.054,1,Movie,5.412067,5.33355,0,144,78.6,10.666667,0,22.933333,0,2600.555556,894.924095,8,4,9,6784.7,'Radeon HD 7470','1920 x 1200',508x317,154,DVI-0,1600,4096,2
15,1024,'0\%',0.274,0.039,3,Movie,6.422284,5.874106,0,144,78.8,10.666667,0,23,0,600,0,2,1,1,3191.93,'VGA compatible controller','1024 x 600',270x158,58.8,LVDS,533,1024,2
230,3072,'0\%',0.411,0.032,2,Cartoon,9.197309,5.874106,2,360,781.4,31.933333,0,54.533333,0,1289,631.691908,4,2,7,4988.38,'Radeon HD 7610M','1366 x 768',361x203,76.5,LVDS,1333,4096,5
253,3584,'0\%',0.319,0.05,3,Movie,6.422284,5.874106,0,480,782.2,32.2,0,66.4,0,570.333333,83.910005,2,1,1,3191.93,'VGA compatible controller','1024 x 600',270x158,58.8,LVDS,533,1024,5
201,3072,'0\%',0.444,0.049,2,Cartoon,9.197309,5.874106,2,360,784.6,32,0,54.933333,0,2501,0,4,2,7,4988.76,'Radeon HD 7610M','1366 x 768',361x203,76.5,LVDS,1333,4096,4
202,3072,'0\%',0.309,0.03,2,Cartoon,9.197309,5.874106,2,480,784.6,31.933333,0,54.533333,0,1178,707.173246,4,2,7,4988.41,'Radeon HD 7610M','1366 x 768',361x203,76.5,LVDS,1333,4096,4
174,1536,'0\%',0.386,0.052,3,Movie,6.422284,5.874106,0,240,789.8,11.4,2.6,17.333333,2,2600.555556,894.924095,8,4,9,6784.7,'Radeon HD 7470','1920 x 1200',508x317,154,DVI-0,1600,4096,1
70,1536,'0\%',0.285,0.054,3,Movie,6.422284,5.874106,0,144,79.2,10,0,21.266667,0,2200.333333,848.999542,8,4,9,6784.7,'Radeon HD 7470','1920 x 1200',508x317,154,DVI-0,1600,4096,2
109,1536,'0\%',0.45,0.033,3,Movie,6.422284,5.874106,0,144,79.2,10.666667,0,23,0,481.333333,182.877615,2,1,1,3192.14,'VGA compatible controller','1024 x 600',270x158,58.8,LVDS,533,1024,2
7,1024,'0\%',0.465,0.08,1,Movie,5.412067,5.33355,0,144,79.4,12,0,26.066667,0,600,0,2,1,1,3191.93,'VGA compatible controller','1024 x 600',270x158,58.8,LVDS,533,1024,1
8,1024,'0\%',0.411,0.032,1,Movie,5.412067,5.33355,0,144,79.4,10.666667,0,23,0,1533.666667,751.724092,4,2,7,4988.38,'Radeon HD 7610M','1366 x 768',361x203,76.5,LVDS,1333,4096,1
9,1024,'0\%',0.483,0.034,1,Movie,5.412067,5.33355,0,144,79.4,10.666667,0,23,0,1767.222222,822.417544,4,2,7,4988.76,'Radeon HD 7610M','1366 x 768',361x203,76.5,LVDS,1333,4096,1
13,1024,'0\%',0.48,0.073,1,Movie,5.412067,5.33355,0,144,79.4,10,0,21.266667,0,2200.333333,848.999542,8,4,9,6784.63,'Radeon HD 7470','1920 x 1200',508x317,154,DVI-0,1600,4096,1
14,1024,'0\%',0.48,0.054,1,Movie,5.412067,5.33355,0,144,79.4,10,0,21.266667,0,1600,0,8,4,9,6784.45,'Radeon HD 7470','1920 x 1200',508x317,154,DVI-0,1600,4096,1
58,1536,'0\%',0.433,0.032,1,Movie,5.412067,5.33355,0,144,79.4,10,0,21.266667,0,1033.444444,533.638894,4,2,7,4988.5,'Radeon HD 7610M','1366 x 768',361x203,76.5,LVDS,1333,4096,1
60,1536,'0\%',0.481,0.041,1,Movie,5.412067,5.33355,0,144,79.4,10.666667,0,23,0,2400.444444,894.924095,8,4,9,6784.45,'Radeon HD 7470','1920 x 1200',508x317,154,DVI-0,1600,4096,1
61,1536,'0\%',0.483,0.064,1,Movie,5.412067,5.33355,0,144,79.4,10.666667,0,23.066667,0,1600,0,8,4,9,6784.45,'Radeon HD 7470','1920 x 1200',508x317,154,DVI-0,1600,4096,1
34,1024,'0\%',0.309,0.03,1,Movie,5.412067,5.33355,0,144,79.4,10.666667,0,23,0,1100.111111,585.263558,4,2,7,4988.41,'Radeon HD 7610M','1366 x 768',361x203,76.5,LVDS,1333,4096,2
84,1536,'0\%',0.456,0.042,1,Movie,5.412067,5.33355,0,144,79.4,11.4,0,24.266667,0,570.333333,83.910005,2,1,1,3192.14,'VGA compatible controller','1024 x 600',270x158,58.8,LVDS,533,1024,2
248,3072,'0\%',0.421,0.058,1,Movie,5.412067,5.33355,0,360,790.2,31.733333,0,54.6,0,1567.111111,835.827527,4,2,7,4988.61,'Radeon HD 7610M','1366 x 768',361x203,76.5,LVDS,1333,4096,4
247,3584,'0\%',0.289,0.037,1,Movie,5.412067,5.33355,0,480,793.6,34.4,0,64.4,0,600,0,2,1,1,3192.11,'VGA compatible controller','1024 x 600',270x158,58.8,LVDS,533,1024,4
51,1536,'0\%',0.354,0.065,3,Movie,6.422284,5.874106,0,144,80.2,10.666667,0,23,0,2800.555556,848.921029,8,4,9,6784.7,'Radeon HD 7470','1920 x 1200',508x317,154,DVI-0,1600,4096,1
37,1024,'0\%',0.328,0.049,3,Movie,6.422284,5.874106,0,144,80.2,11.466667,0,26.4,0,511,178,2,1,1,3192.11,'VGA compatible controller','1024 x 600',270x158,58.8,LVDS,533,1024,3
3,1024,'0\%',0.454,0.051,2,Cartoon,9.197309,7.008442,2,144,80.4,10.666667,0,23,0,1800.111111,565.999695,8,4,9,6784.85,'Radeon HD 7470','1920 x 1200',508x317,154,DVI-0,1600,4096,1
5,1024,'0\%',0.435,0.071,2,Cartoon,9.197309,5.874106,2,144,80.4,10.666667,0,23,0,1600,0,8,4,9,6784.45,'Radeon HD 7470','1920 x 1200',508x317,154,DVI-0,1600,4096,1
53,1536,'0\%',0.393,0.026,2,Cartoon,9.197309,5.874106,2,144,80.4,10.666667,0,23,0,1266.777778,671.85213,4,2,7,4988.61,'Radeon HD 7610M','1366 x 768',361x203,76.5,LVDS,1333,4096,1
55,1536,'0\%',0.324,0.032,2,Cartoon,9.197309,5.874106,2,144,80.4,10.666667,0,23,0,2000.222222,748.747217,8,4,9,6784.45,'Radeon HD 7470','1920 x 1200',508x317,154,DVI-0,1600,4096,1
30,1024,'0\%',0.487,0.062,2,Cartoon,9.197309,5.874106,2,144,80.4,10.666667,0,23,0,2600.555556,894.924095,8,4,9,6783.92,'Radeon HD 7470','1920 x 1200',508x317,154,DVI-0,1600,4096,2
71,1536,'0\%',0.37,0.035,2,Cartoon,9.197309,5.874106,2,144,80.4,10.666667,0,23,0,511,125.865007,2,1,1,3192.11,'VGA compatible controller','1024 x 600',270x158,58.8,LVDS,533,1024,2
73,1536,'0\%',0.47,0.084,2,Cartoon,9.197309,5.874106,2,144,80.4,11.333333,0,24.933333,0,600,0,2,1,1,3192.14,'VGA compatible controller','1024 x 600',270x158,58.8,LVDS,533,1024,2
76,1536,'0\%',0.433,0.032,2,Cartoon,9.197309,5.874106,2,144,80.4,10.666667,0,23.066667,0,1088.888889,558.658004,4,2,7,4988.5,'Radeon HD 7610M','1366 x 768',361x203,76.5,LVDS,1333,4096,2
77,1536,'0\%',0.304,0.043,2,Cartoon,9.197309,5.874106,2,144,80.4,10.666667,0,23,0,1844.666667,581.64957,4,2,7,4988.78,'Radeon HD 7610M','1366 x 768',361x203,76.5,LVDS,1333,4096,2
78,1536,'0\%',0.497,0.084,2,Cartoon,9.197309,5.874106,2,144,80.4,10,0,21.266667,0,1800.111111,565.999695,8,4,9,6783.92,'Radeon HD 7470','1920 x 1200',508x317,154,DVI-0,1600,4096,2
79,1536,'0\%',0.477,0.057,2,Cartoon,9.197309,5.874106,2,144,80.4,10,0,21.8,0,1800.111111,565.999695,8,4,9,6783.92,'Radeon HD 7470','1920 x 1200',508x317,154,DVI-0,1600,4096,2
80,1536,'0\%',0.363,0.063,2,Cartoon,9.197309,5.874106,2,144,80.4,10.666667,0,23,0,2000.222222,748.747217,8,4,9,6784.7,'Radeon HD 7470','1920 x 1200',508x317,154,DVI-0,1600,4096,2
25,1024,'0\%',0.303,0.043,2,Cartoon,9.197309,5.874106,2,144,80.6,11.4,0,24.933333,0,600,0,2,1,1,3192.14,'VGA compatible controller','1024 x 600',270x158,58.8,LVDS,533,1024,2
72,1536,'0\%',0.289,0.037,2,Cartoon,9.197309,5.874106,2,144,80.6,11.333333,0,24.733333,0,570.333333,83.910005,2,1,1,3192.11,'VGA compatible controller','1024 x 600',270x158,58.8,LVDS,533,1024,2
193,3072,'0\%',0.408,0.033,3,Movie,6.422284,5.874106,0,360,803.8,32.2,0,64.533333,0,1367,801.85909,4,2,7,4988.38,'Radeon HD 7610M','1366 x 768',361x203,76.5,LVDS,1333,4096,4
256,3584,'0\%',0.502,0.058,3,Movie,6.422284,5.874106,0,480,804.2,31.866667,0,65.4,3,2000.222222,748.747217,8,4,9,6784.63,'Radeon HD 7470','1920 x 1200',508x317,154,DVI-0,1600,4096,5
216,3072,'0\%',0.407,0.063,1,Movie,5.412067,5.33355,0,360,804.6,34.333333,0,60.533333,0,2501,0,4,2,7,4988.76,'Radeon HD 7610M','1366 x 768',361x203,76.5,LVDS,1333,4096,4
220,3072,'0\%',0.377,0.056,1,Movie,5.412067,5.33355,0,360,807.6,31.666667,0,55.866667,2,2100.222222,748.717537,8,4,9,6784.7,'Radeon HD 7470','1920 x 1200',508x317,154,DVI-0,1600,4096,4
83,1536,'0\%',0.461,0.041,1,Movie,5.412067,5.33355,0,144,81.8,10.666667,0,23.2,0,600,0,2,1,1,3192.14,'VGA compatible controller','1024 x 600',270x158,58.8,LVDS,533,1024,2
85,1536,'0\%',0.393,0.055,1,Movie,5.412067,5.33355,0,144,81.8,11.4,0,24.533333,0,600,0,2,1,1,3192.14,'VGA compatible controller','1024 x 600',270x158,58.8,LVDS,533,1024,2
88,1536,'0\%',0.357,0.065,1,Movie,5.412067,5.33355,0,144,81.8,11.533333,0,26,0,600,0,2,1,1,3192.14,'VGA compatible controller','1024 x 600',270x158,58.8,LVDS,533,1024,2
4,1024,'0\%',0.435,0.069,2,Cartoon,9.197309,5.874106,2,144,82.25,10,0,21.583333,0,1889.111111,865.058437,8,4,9,6784.67,'Radeon HD 7470','1920 x 1200',508x317,154,DVI-0,1600,4096,1
10,1024,'0\%',0.454,0.08,1,Movie,5.412067,5.33355,0,144,82.25,10.833333,0,23,0,1266.666667,471.404521,8,4,9,6784.67,'Radeon HD 7470','1920 x 1200',508x317,154,DVI-0,1600,4096,1
11,1024,'0\%',0.426,0.047,1,Movie,5.412067,5.33355,0,144,82.25,10.833333,0,23,0,1755.888889,1225.293203,8,4,9,6784.67,'Radeon HD 7470','1920 x 1200',508x317,154,DVI-0,1600,4096,1
52,1536,'0\%',0.494,0.124,2,Cartoon,9.197309,5.874106,2,144,82.25,10.833333,0,23.75,0,2234.111111,552.140772,4,2,7,4988.51,'Radeon HD 7610M','1366 x 768',361x203,76.5,LVDS,1333,4096,1
33,1024,'0\%',0.424,0.068,1,Movie,5.412067,5.33355,0,144,82.25,10.833333,0,23.75,0,1600.333333,784.955908,4,2,7,4988.51,'Radeon HD 7610M','1366 x 768',361x203,76.5,LVDS,1333,4096,2
113,2048,'0\%',0.502,0.033,1,Movie,5.412067,5.33355,0,240,82.25,11.666667,0,25.166667,0,540.666667,167.820009,2,1,1,3191.9,'VGA compatible controller','1024 x 600',270x158,58.8,LVDS,533,1024,2
6,1024,'0\%',0.472,0.085,2,Cartoon,9.197309,5.874106,2,240,82.25,10.833333,0,23.75,0,2445.222222,1352.758562,8,4,9,6784.67,'Radeon HD 7470','1920 x 1200',508x317,154,DVI-0,1600,4096,1
206,3072,'0\%',0.48,0.074,2,Cartoon,9.197309,5.874106,2,360,823.2,31.666667,0,54,3,2800.666667,848.999542,8,4,9,6784.45,'Radeon HD 7470','1920 x 1200',508x317,154,DVI-0,1600,4096,4
181,2560,'0\%',0.316,0.052,1,Movie,5.412067,5.33355,0,480,824.2,36,0,62.733333,0,600,0,2,1,1,3192.11,'VGA compatible controller','1024 x 600',270x158,58.8,LVDS,533,1024,4
227,3072,'0\%',0.523,0.054,2,Cartoon,9.197309,5.874106,2,480,831.25,34,0,57.083333,0,451.666667,182.877615,2,1,1,3191.9,'VGA compatible controller','1024 x 600',270x158,58.8,LVDS,533,1024,5
224,3072,'0\%',0.341,0.033,3,Movie,6.422284,5.874106,0,360,839.8,31.733333,0,63.866667,3,2600.555556,894.924095,8,4,9,6784.45,'Radeon HD 7470','2006 x 1200',508x317,154,DVI-0,1600,4096,5
242,3584,'0\%',0.324,0.032,3,Movie,6.422284,5.874106,0,480,839.8,31.733333,0,63.866667,3,1600,0,8,4,9,6784.45,'Radeon HD 7470','1920 x 1200',508x317,154,DVI-0,1600,4096,4
190,3072,'0\%',0.425,0.029,1,Movie,5.412067,5.33355,0,360,843.2,31.933333,0,57.2,0,1367,801.85909,4,2,7,4988.5,'Radeon HD 7610M','1366 x 768',361x203,76.5,LVDS,1333,4096,3
235,3072,'0\%',0.477,0.057,1,Movie,5.412067,5.33355,0,360,843.4,31.666667,0,55.866667,2,2200.333333,848.999542,8,4,9,6783.92,'Radeon HD 7470','1920 x 1200',508x317,154,DVI-0,1600,4096,5
209,3072,'0\%',0.264,0.039,1,Movie,5.412067,5.33355,0,360,844.5,30.833333,0,54.583333,0,600,0,2,1,1,3191.65,'VGA compatible controller','1024 x 600',270x158,58.8,LVDS,533,1024,4
187,2560,'0\%',0.411,0.038,2,Cartoon,9.197309,5.874106,2,360,848.25,34.166667,0,59.583333,0,2089.555556,614.077829,4,2,7,4988.51,'Radeon HD 7610M','1366 x 768',361x203,76.5,LVDS,1333,4096,5
12,1024,'0\%',0.494,0.067,1,Movie,5.412067,5.33355,0,144,85.2,10.666667,0,23.066667,0,2400.444444,894.924095,8,4,9,6784.63,'Radeon HD 7470','1920 x 1200',508x317,154,DVI-0,1600,4096,1
59,1536,'0\%',0.439,0.036,1,Movie,5.412067,5.33355,0,144,85.2,10.666667,0,23.066667,0,1178,707.173246,4,2,7,4988.5,'Radeon HD 7610M','1366 x 768',361x203,76.5,LVDS,1333,4096,1
35,1024,'0\%',0.325,0.039,1,Movie,5.412067,5.33355,0,144,85.2,10.666667,0,23.066667,0,2400.444444,894.924095,8,4,9,6784.45,'Radeon HD 7470','1920 x 1200',508x317,154,DVI-0,1600,4096,2
29,1024,'0\%',0.285,0.046,2,Cartoon,9.197309,5.874106,2,144,85.4,10.666667,0,23,0,1845,748.983014,4,2,7,4988.78,'Radeon HD 7610M','1366 x 768',361x203,76.5,LVDS,1333,4096,2
31,1024,'0\%',0.333,0.034,1,Movie,5.412067,5.33355,0,144,85.8,10.666667,0,23.133333,0,600,0,2,1,1,3191.93,'VGA compatible controller','1024 x 600',270x158,58.8,LVDS,533,1024,2
205,3072,'0\%',0.49,0.054,2,Cartoon,9.197309,5.874106,2,360,850.2,31.733333,0,54.266667,3,2200.333333,848.999542,8,4,9,6783.92,'Radeon HD 7470','1920 x 1200',508x317,154,DVI-0,1600,4096,4
212,3072,'0\%',0.449,0.047,1,Movie,5.412067,5.33355,0,480,865.6,34.2,0,59.6,0,570.333333,83.910005,2,1,1,3192.14,'VGA compatible controller','1024 x 600',270x158,58.8,LVDS,533,1024,4
167,2048,'0\%',0.303,0.048,1,Movie,5.412067,5.33355,0,360,869.6,26.6,1,53.4,4,511,178,2,1,1,3192.11,'VGA compatible controller','1024 x 600',270x158,58.8,LVDS,533,1024,4
240,3584,'0\%',0.425,0.029,3,Movie,6.422284,5.874106,0,480,875.2,32.2,0,64.933333,0,811.111111,31.426968,4,2,7,4988.5,'Radeon HD 7610M','1366 x 768',361x203,76.5,LVDS,1333,4096,4
186,2560,'0\%',0.47,0.084,3,Movie,6.422284,5.874106,0,480,895.2,34.666667,0,71.933333,0,600,0,2,1,1,3192.14,'VGA compatible controller','1024 x 600',270x158,58.8,LVDS,533,1024,5
245,3584,'0\%',0.502,0.058,2,Cartoon,9.197309,5.874106,2,480,895.8,31.733333,0,54.6,3,1800.111111,565.999695,8,4,9,6784.63,'Radeon HD 7470','1920 x 1200',508x317,154,DVI-0,1600,4096,4
75,1536,'0\%',0.357,0.065,2,Cartoon,9.197309,5.874106,2,144,90.6,12.133333,0,27.466667,0,600,0,2,1,1,3192.14,'VGA compatible controller','1024 x 600',270x158,58.8,LVDS,533,1024,2
243,3584,'0\%',0.344,0.049,3,Movie,6.422284,5.874106,0,480,905.8,31.666667,0,65.666667,3,3401,0,8,4,9,6784.7,'Radeon HD 7470','1920 x 1200',508x317,154,DVI-0,1600,4096,4
197,3072,'0\%',0.447,0.056,3,Movie,6.422284,5.874106,0,360,920.4,31.133333,0,62.733333,3,2667.111111,789.223872,8,4,9,6784.45,'Radeon HD 7470','1920 x 1200',508x317,154,DVI-0,1600,4096,4
228,3072,'0\%',0.273,0.023,2,Cartoon,9.197309,5.874106,2,480,921.8,34.466667,0,60.333333,0,570.333333,83.910005,2,1,1,3192.11,'VGA compatible controller','1024 x 600',270x158,58.8,LVDS,533,1024,5
231,3072,'0\%',0.292,0.037,2,Cartoon,9.197309,5.874106,2,360,938.6,32.133333,0,54.2,0,1367,801.85909,4,2,7,4988.41,'Radeon HD 7610M','1366 x 768',361x203,76.5,LVDS,1333,4096,5
244,3584,'0\%',0.425,0.029,2,Cartoon,9.197309,5.874106,2,480,938.6,32.066667,0,53.933333,0,1744.888889,747.460061,4,2,7,4988.5,'Radeon HD 7610M','1366 x 768',361x203,76.5,LVDS,1333,4096,4
185,2560,'0\%',0.305,0.061,3,Movie,6.422284,5.874106,0,360,951.6,34.866667,0,73.866667,0,600,0,2,1,1,3191.93,'VGA compatible controller','1024 x 600',270x158,58.8,LVDS,533,1024,5
194,3072,'0\%',0.376,0.046,3,Movie,6.422284,5.874106,0,360,958.6,32.133333,0,65.8,0,2312,534.572727,4,2,7,4988.76,'Radeon HD 7610M','1366 x 768',361x203,76.5,LVDS,1333,4096,4
207,3072,'0\%',0.487,0.042,2,Cartoon,9.197309,5.874106,2,360,968.2,31.733333,0,53.466667,3,1600,0,8,4,9,6784.52,'Radeon HD 7470','1920 x 1200',508x317,154,DVI-0,1600,4096,4
232,3072,'0\%',0.379,0.073,2,Cartoon,9.197309,5.874106,2,360,968.2,31.733333,0,53.466667,4,2000.222222,748.747217,8,4,9,6784.7,'Radeon HD 7470','1920 x 1200',508x317,154,DVI-0,1600,4096,5
188,2560,'0\%',0.516,0.064,2,Cartoon,9.197309,5.874106,2,480,968.2,31.733333,0,53.266667,3,2600.555556,894.924095,8,4,9,6784.85,'Radeon HD 7470','1920 x 1200',508x317,154,DVI-0,1600,4096,4
263,3584,'0\%',0.465,0.071,2,Cartoon,9.197309,5.874106,2,480,968.2,31.733333,0,53.666667,3,1600,0,8,4,9,6783.92,'Radeon HD 7470','1920 x 1200',508x317,154,DVI-0,1600,4096,5
203,3072,'0\%',0.304,0.039,2,Cartoon,9.197309,5.874106,2,480,969.6,32,0,55.733333,0,1178,707.173246,4,2,7,4988.41,'Radeon HD 7610M','1366 x 768',361x203,76.5,LVDS,1333,4096,4
204,3072,'0\%',0.462,0.043,2,Cartoon,9.197309,5.874106,2,360,974.25,30.5,0,50.666667,3,1511.555556,1120.119152,8,4,9,6784.67,'Radeon HD 7470','1920 x 1200',508x317,154,DVI-0,1600,4096,4
223,3072,'0\%',0.424,0.046,3,Movie,6.422284,5.874106,0,360,974.4,28.933333,0,59.266667,0,1455.888889,754.872387,4,2,7,4988.38,'Radeon HD 7610M','1366 x 768',361x203,76.5,LVDS,1333,4096,5
226,3072,'0\%',0.319,0.05,2,Cartoon,9.197309,5.874106,2,360,978.2,34.466667,0,59.8,0,570.333333,83.910005,2,1,1,3191.93,'VGA compatible controller','1024 x 600',270x158,58.8,LVDS,533,1024,5
24,1024,'0\%',0.349,0.068,2,Cartoon,9.197309,5.874106,2,144,98.4,10.666667,0,23.066667,0,511,178,2,1,1,3192.11,'VGA compatible controller','1024 x 600',270x158,58.8,LVDS,533,1024,2
192,3072,'0\%',0.328,0.052,3,Movie,6.422284,5.874106,0,480,985.8,32.2,0,65.533333,0,600,0,2,1,1,3192.14,'VGA compatible controller','1024 x 600',270x158,58.8,LVDS,533,1024,4
